&CNSTPHE_LIMITS
 ntres=1, maxh=25, natchrg=2075, ntstates=25,
/
&CNSTPH
 CHRGDAT=-0.1342,-0.1815,-0.0006,-0.1096,0.0986,0.0242,-0.37,0.0076,-0.1539,
 0.6748,-0.769,-0.769,-0.1925,-0.4505,0.0894,0.0568,-0.0865,0.5634,-0.332,
 -0.5668,-0.1075,-0.3792,-0.4334,0.5255,0.0283,-0.0365,0.1296,-0.3423,-0.565,
 -0.0901,-0.3558,-0.2625,-0.4511,0.2173,0.0791,-0.1609,0.1383,-0.3774,-0.0254,
 -0.1482,0.6612,-0.7622,-0.7622,0.1909,0.2892,0.1243,0.1189,0.1189,0.03585,
 0.03585,0.0271,0.0271,0.1699,0.3363,0.1216,0.1218,0.1202,0.1453,0.1573,0.171,
 0.3052,0.1175,0.1181,0.1075,0.1411,0.1623,0.1744,0.1585,0.1112,0.12,0.1179,
 0.04415,0.04415,0.0241,0.0241,0.0,0.0,0.0,0.0,0.0,0.0,0.0,0.0,-0.16475,
 -0.16675,0.022,-0.1301,0.0938,0.03455,-0.37015,0.00885,-0.2561,0.69105,
 -0.61035,-0.55875,-0.1871,-0.3963,0.04735,0.10055,-0.09035,0.5129,-0.34415,
 -0.55975,-0.0894,-0.37715,-0.42995,0.5161,0.0392,-0.03465,0.11545,-0.34555,
 -0.55615,-0.0849,-0.358,-0.25725,-0.4545,0.22135,0.08385,-0.17905,0.15925,
 -0.3805,0.003,-0.15455,0.6628,-0.7468,-0.7468,0.20445,0.262,0.1214,0.124,
 0.1215,0.05653,0.05653,0.09288,0.09288,0.1689,0.33405,0.12125,0.12445,0.12395,
 0.1294,0.1622,0.17085,0.3231,0.11265,0.1176,0.11785,0.1378,0.16355,0.17455,
 0.1563,0.12025,0.12015,0.11595,0.03908,0.03908,0.03188,0.03188,0.4498,0.0,0.0,
 0.0,0.0,0.0,0.0,0.0,-0.16475,-0.16675,0.022,-0.1301,0.0938,0.03455,-0.37015,
 0.00885,-0.2561,0.69105,-0.61035,-0.55875,-0.1871,-0.3963,0.04735,0.10055,
 -0.09035,0.5129,-0.34415,-0.55975,-0.0894,-0.37715,-0.42995,0.5161,0.0392,
 -0.03465,0.11545,-0.34555,-0.55615,-0.0849,-0.358,-0.25725,-0.4545,0.22135,
 0.08385,-0.17905,0.15925,-0.3805,0.003,-0.15455,0.6628,-0.7468,-0.7468,0.20445,
 0.262,0.1214,0.124,0.1215,0.05653,0.05653,0.09288,0.09288,0.1689,0.33405,
 0.12125,0.12445,0.12395,0.1294,0.1622,0.17085,0.3231,0.11265,0.1176,0.11785,
 0.1378,0.16355,0.17455,0.1563,0.12025,0.12015,0.11595,0.03908,0.03908,0.03188,
 0.03188,0.0,0.4498,0.0,0.0,0.0,0.0,0.0,0.0,-0.16475,-0.16675,0.022,-0.1301,
 0.0938,0.03455,-0.37015,0.00885,-0.2561,0.69105,-0.55875,-0.61035,-0.1871,
 -0.3963,0.04735,0.10055,-0.09035,0.5129,-0.34415,-0.55975,-0.0894,-0.37715,
 -0.42995,0.5161,0.0392,-0.03465,0.11545,-0.34555,-0.55615,-0.0849,-0.358,
 -0.25725,-0.4545,0.22135,0.08385,-0.17905,0.15925,-0.3805,0.003,-0.15455,
 0.6628,-0.7468,-0.7468,0.20445,0.262,0.1214,0.124,0.1215,0.05653,0.05653,
 0.09288,0.09288,0.1689,0.33405,0.12125,0.12445,0.12395,0.1294,0.1622,0.17085,
 0.3231,0.11265,0.1176,0.11785,0.1378,0.16355,0.17455,0.1563,0.12025,0.12015,
 0.11595,0.03908,0.03908,0.03188,0.03188,0.0,0.0,0.4498,0.0,0.0,0.0,0.0,0.0,
 -0.16475,-0.16675,0.022,-0.1301,0.0938,0.03455,-0.37015,0.00885,-0.2561,
 0.69105,-0.55875,-0.61035,-0.1871,-0.3963,0.04735,0.10055,-0.09035,0.5129,
 -0.34415,-0.55975,-0.0894,-0.37715,-0.42995,0.5161,0.0392,-0.03465,0.11545,
 -0.34555,-0.55615,-0.0849,-0.358,-0.25725,-0.4545,0.22135,0.08385,-0.17905,
 0.15925,-0.3805,0.003,-0.15455,0.6628,-0.7468,-0.7468,0.20445,0.262,0.1214,
 0.124,0.1215,0.05653,0.05653,0.09288,0.09288,0.1689,0.33405,0.12125,0.12445,
 0.12395,0.1294,0.1622,0.17085,0.3231,0.11265,0.1176,0.11785,0.1378,0.16355,
 0.17455,0.1563,0.12025,0.12015,0.11595,0.03908,0.03908,0.03188,0.03188,0.0,0.0,
 0.0,0.4498,0.0,0.0,0.0,0.0,-0.16475,-0.16675,0.022,-0.1301,0.0938,0.03455,
 -0.37015,0.003,-0.15455,0.6628,-0.7468,-0.7468,-0.1871,-0.3963,0.04735,0.10055,
 -0.09035,0.5129,-0.34415,-0.55975,-0.0894,-0.37715,-0.42995,0.5161,0.0392,
 -0.03465,0.11545,-0.34555,-0.55615,-0.0849,-0.358,-0.25725,-0.4545,0.22135,
 0.08385,-0.17905,0.15925,-0.3805,0.00885,-0.2561,0.69105,-0.55875,-0.61035,
 0.20445,0.262,0.1214,0.124,0.1215,0.03908,0.03908,0.03188,0.03188,0.1689,
 0.33405,0.12125,0.12445,0.12395,0.1294,0.1622,0.17085,0.3231,0.11265,0.1176,
 0.11785,0.1378,0.16355,0.17455,0.1563,0.12025,0.12015,0.11595,0.05653,0.05653,
 0.09288,0.09288,0.0,0.0,0.0,0.0,0.448,0.0,0.0,0.0,-0.16475,-0.16675,0.022,
 -0.1301,0.0938,0.03455,-0.37015,0.003,-0.15455,0.6628,-0.7468,-0.7468,-0.1871,
 -0.3963,0.04735,0.10055,-0.09035,0.5129,-0.34415,-0.55975,-0.0894,-0.37715,
 -0.42995,0.5161,0.0392,-0.03465,0.11545,-0.34555,-0.55615,-0.0849,-0.358,
 -0.25725,-0.4545,0.22135,0.08385,-0.17905,0.15925,-0.3805,0.00885,-0.2561,
 0.69105,-0.55875,-0.61035,0.20445,0.262,0.1214,0.124,0.1215,0.03908,0.03908,
 0.03188,0.03188,0.1689,0.33405,0.12125,0.12445,0.12395,0.1294,0.1622,0.17085,
 0.3231,0.11265,0.1176,0.11785,0.1378,0.16355,0.17455,0.1563,0.12025,0.12015,
 0.11595,0.05653,0.05653,0.09288,0.09288,0.0,0.0,0.0,0.0,0.0,0.448,0.0,0.0,
 -0.16475,-0.16675,0.022,-0.1301,0.0938,0.03455,-0.37015,0.003,-0.15455,0.6628,
 -0.7468,-0.7468,-0.1871,-0.3963,0.04735,0.10055,-0.09035,0.5129,-0.34415,
 -0.55975,-0.0894,-0.37715,-0.42995,0.5161,0.0392,-0.03465,0.11545,-0.34555,
 -0.55615,-0.0849,-0.358,-0.25725,-0.4545,0.22135,0.08385,-0.17905,0.15925,
 -0.3805,0.00885,-0.2561,0.69105,-0.61035,-0.55875,0.20445,0.262,0.1214,0.124,
 0.1215,0.03908,0.03908,0.03188,0.03188,0.1689,0.33405,0.12125,0.12445,0.12395,
 0.1294,0.1622,0.17085,0.3231,0.11265,0.1176,0.11785,0.1378,0.16355,0.17455,
 0.1563,0.12025,0.12015,0.11595,0.05653,0.05653,0.09288,0.09288,0.0,0.0,0.0,0.0,
 0.0,0.0,0.448,0.0,-0.16475,-0.16675,0.022,-0.1301,0.0938,0.03455,-0.37015,
 0.003,-0.15455,0.6628,-0.7468,-0.7468,-0.1871,-0.3963,0.04735,0.10055,-0.09035,
 0.5129,-0.34415,-0.55975,-0.0894,-0.37715,-0.42995,0.5161,0.0392,-0.03465,
 0.11545,-0.34555,-0.55615,-0.0849,-0.358,-0.25725,-0.4545,0.22135,0.08385,
 -0.17905,0.15925,-0.3805,0.00885,-0.2561,0.69105,-0.61035,-0.55875,0.20445,
 0.262,0.1214,0.124,0.1215,0.03908,0.03908,0.03188,0.03188,0.1689,0.33405,
 0.12125,0.12445,0.12395,0.1294,0.1622,0.17085,0.3231,0.11265,0.1176,0.11785,
 0.1378,0.16355,0.17455,0.1563,0.12025,0.12015,0.11595,0.05653,0.05653,0.09288,
 0.09288,0.0,0.0,0.0,0.0,0.0,0.0,0.0,0.448,-0.1345,-0.1586,-0.0007,-0.1169,
 0.0944,0.0348,-0.3886,0.0192,-0.3139,0.6955,-0.5923,-0.5435,-0.185,-0.4109,
 0.0525,0.095,-0.0874,0.5256,-0.3459,-0.5608,-0.0932,-0.3739,-0.429,0.5295,
 0.0312,-0.0331,0.1183,-0.3487,-0.5583,-0.0838,-0.3622,-0.2536,-0.4541,0.2257,
 0.0849,-0.1715,0.1475,-0.3907,0.0266,-0.253,0.6675,-0.5291,-0.5886,0.1881,0.27,
 0.1261,0.133,0.1272,0.0615,0.0615,0.1136,0.1136,0.1698,0.3347,0.1202,0.128,
 0.1254,0.1307,0.1615,0.1717,0.3189,0.111,0.1202,0.1222,0.1394,0.1656,0.178,
 0.1528,0.1257,0.1292,0.118,0.0472,0.0472,0.0994,0.0994,0.452,0.0,0.0,0.0,
 0.4508,0.0,0.0,0.0,-0.1345,-0.1586,-0.0007,-0.1169,0.0944,0.0348,-0.3886,
 0.0192,-0.3139,0.6955,-0.5923,-0.5435,-0.185,-0.4109,0.0525,0.095,-0.0874,
 0.5256,-0.3459,-0.5608,-0.0932,-0.3739,-0.429,0.5295,0.0312,-0.0331,0.1183,
 -0.3487,-0.5583,-0.0838,-0.3622,-0.2536,-0.4541,0.2257,0.0849,-0.1715,0.1475,
 -0.3907,0.0266,-0.253,0.6675,-0.5291,-0.5886,0.1881,0.27,0.1261,0.133,0.1272,
 0.0615,0.0615,0.1136,0.1136,0.1698,0.3347,0.1202,0.128,0.1254,0.1307,0.1615,
 0.1717,0.3189,0.111,0.1202,0.1222,0.1394,0.1656,0.178,0.1528,0.1257,0.1292,
 0.118,0.0472,0.0472,0.0994,0.0994,0.452,0.0,0.0,0.0,0.0,0.4508,0.0,0.0,-0.1345,
 -0.1586,-0.0007,-0.1169,0.0944,0.0348,-0.3886,0.0192,-0.3139,0.6955,-0.5923,
 -0.5435,-0.185,-0.4109,0.0525,0.095,-0.0874,0.5256,-0.3459,-0.5608,-0.0932,
 -0.3739,-0.429,0.5295,0.0312,-0.0331,0.1183,-0.3487,-0.5583,-0.0838,-0.3622,
 -0.2536,-0.4541,0.2257,0.0849,-0.1715,0.1475,-0.3907,0.0266,-0.253,0.6675,
 -0.5886,-0.5291,0.1881,0.27,0.1261,0.133,0.1272,0.0615,0.0615,0.1136,0.1136,
 0.1698,0.3347,0.1202,0.128,0.1254,0.1307,0.1615,0.1717,0.3189,0.111,0.1202,
 0.1222,0.1394,0.1656,0.178,0.1528,0.1257,0.1292,0.118,0.0472,0.0472,0.0994,
 0.0994,0.452,0.0,0.0,0.0,0.0,0.0,0.4508,0.0,-0.1345,-0.1586,-0.0007,-0.1169,
 0.0944,0.0348,-0.3886,0.0192,-0.3139,0.6955,-0.5923,-0.5435,-0.185,-0.4109,
 0.0525,0.095,-0.0874,0.5256,-0.3459,-0.5608,-0.0932,-0.3739,-0.429,0.5295,
 0.0312,-0.0331,0.1183,-0.3487,-0.5583,-0.0838,-0.3622,-0.2536,-0.4541,0.2257,
 0.0849,-0.1715,0.1475,-0.3907,0.0266,-0.253,0.6675,-0.5886,-0.5291,0.1881,0.27,
 0.1261,0.133,0.1272,0.0615,0.0615,0.1136,0.1136,0.1698,0.3347,0.1202,0.128,
 0.1254,0.1307,0.1615,0.1717,0.3189,0.111,0.1202,0.1222,0.1394,0.1656,0.178,
 0.1528,0.1257,0.1292,0.118,0.0472,0.0472,0.0994,0.0994,0.452,0.0,0.0,0.0,0.0,
 0.0,0.0,0.4508,-0.1345,-0.1586,-0.0007,-0.1169,0.0944,0.0348,-0.3886,0.0192,
 -0.3139,0.6955,-0.5923,-0.5435,-0.185,-0.4109,0.0525,0.095,-0.0874,0.5256,
 -0.3459,-0.5608,-0.0932,-0.3739,-0.429,0.5295,0.0312,-0.0331,0.1183,-0.3487,
 -0.5583,-0.0838,-0.3622,-0.2536,-0.4541,0.2257,0.0849,-0.1715,0.1475,-0.3907,
 0.0266,-0.253,0.6675,-0.5291,-0.5886,0.1881,0.27,0.1261,0.133,0.1272,0.0615,
 0.0615,0.1136,0.1136,0.1698,0.3347,0.1202,0.128,0.1254,0.1307,0.1615,0.1717,
 0.3189,0.111,0.1202,0.1222,0.1394,0.1656,0.178,0.1528,0.1257,0.1292,0.118,
 0.0472,0.0472,0.0994,0.0994,0.0,0.452,0.0,0.0,0.4508,0.0,0.0,0.0,-0.1345,
 -0.1586,-0.0007,-0.1169,0.0944,0.0348,-0.3886,0.0192,-0.3139,0.6955,-0.5923,
 -0.5435,-0.185,-0.4109,0.0525,0.095,-0.0874,0.5256,-0.3459,-0.5608,-0.0932,
 -0.3739,-0.429,0.5295,0.0312,-0.0331,0.1183,-0.3487,-0.5583,-0.0838,-0.3622,
 -0.2536,-0.4541,0.2257,0.0849,-0.1715,0.1475,-0.3907,0.0266,-0.253,0.6675,
 -0.5291,-0.5886,0.1881,0.27,0.1261,0.133,0.1272,0.0615,0.0615,0.1136,0.1136,
 0.1698,0.3347,0.1202,0.128,0.1254,0.1307,0.1615,0.1717,0.3189,0.111,0.1202,
 0.1222,0.1394,0.1656,0.178,0.1528,0.1257,0.1292,0.118,0.0472,0.0472,0.0994,
 0.0994,0.0,0.452,0.0,0.0,0.0,0.4508,0.0,0.0,-0.1345,-0.1586,-0.0007,-0.1169,
 0.0944,0.0348,-0.3886,0.0192,-0.3139,0.6955,-0.5923,-0.5435,-0.185,-0.4109,
 0.0525,0.095,-0.0874,0.5256,-0.3459,-0.5608,-0.0932,-0.3739,-0.429,0.5295,
 0.0312,-0.0331,0.1183,-0.3487,-0.5583,-0.0838,-0.3622,-0.2536,-0.4541,0.2257,
 0.0849,-0.1715,0.1475,-0.3907,0.0266,-0.253,0.6675,-0.5886,-0.5291,0.1881,0.27,
 0.1261,0.133,0.1272,0.0615,0.0615,0.1136,0.1136,0.1698,0.3347,0.1202,0.128,
 0.1254,0.1307,0.1615,0.1717,0.3189,0.111,0.1202,0.1222,0.1394,0.1656,0.178,
 0.1528,0.1257,0.1292,0.118,0.0472,0.0472,0.0994,0.0994,0.0,0.452,0.0,0.0,0.0,
 0.0,0.4508,0.0,-0.1345,-0.1586,-0.0007,-0.1169,0.0944,0.0348,-0.3886,0.0192,
 -0.3139,0.6955,-0.5923,-0.5435,-0.185,-0.4109,0.0525,0.095,-0.0874,0.5256,
 -0.3459,-0.5608,-0.0932,-0.3739,-0.429,0.5295,0.0312,-0.0331,0.1183,-0.3487,
 -0.5583,-0.0838,-0.3622,-0.2536,-0.4541,0.2257,0.0849,-0.1715,0.1475,-0.3907,
 0.0266,-0.253,0.6675,-0.5886,-0.5291,0.1881,0.27,0.1261,0.133,0.1272,0.0615,
 0.0615,0.1136,0.1136,0.1698,0.3347,0.1202,0.128,0.1254,0.1307,0.1615,0.1717,
 0.3189,0.111,0.1202,0.1222,0.1394,0.1656,0.178,0.1528,0.1257,0.1292,0.118,
 0.0472,0.0472,0.0994,0.0994,0.0,0.452,0.0,0.0,0.0,0.0,0.0,0.4508,-0.1345,
 -0.1586,-0.0007,-0.1169,0.0944,0.0348,-0.3886,0.0192,-0.3139,0.6955,-0.5435,
 -0.5923,-0.185,-0.4109,0.0525,0.095,-0.0874,0.5256,-0.3459,-0.5608,-0.0932,
 -0.3739,-0.429,0.5295,0.0312,-0.0331,0.1183,-0.3487,-0.5583,-0.0838,-0.3622,
 -0.2536,-0.4541,0.2257,0.0849,-0.1715,0.1475,-0.3907,0.0266,-0.253,0.6675,
 -0.5291,-0.5886,0.1881,0.27,0.1261,0.133,0.1272,0.0615,0.0615,0.1136,0.1136,
 0.1698,0.3347,0.1202,0.128,0.1254,0.1307,0.1615,0.1717,0.3189,0.111,0.1202,
 0.1222,0.1394,0.1656,0.178,0.1528,0.1257,0.1292,0.118,0.0472,0.0472,0.0994,
 0.0994,0.0,0.0,0.452,0.0,0.4508,0.0,0.0,0.0,-0.1345,-0.1586,-0.0007,-0.1169,
 0.0944,0.0348,-0.3886,0.0192,-0.3139,0.6955,-0.5435,-0.5923,-0.185,-0.4109,
 0.0525,0.095,-0.0874,0.5256,-0.3459,-0.5608,-0.0932,-0.3739,-0.429,0.5295,
 0.0312,-0.0331,0.1183,-0.3487,-0.5583,-0.0838,-0.3622,-0.2536,-0.4541,0.2257,
 0.0849,-0.1715,0.1475,-0.3907,0.0266,-0.253,0.6675,-0.5291,-0.5886,0.1881,0.27,
 0.1261,0.133,0.1272,0.0615,0.0615,0.1136,0.1136,0.1698,0.3347,0.1202,0.128,
 0.1254,0.1307,0.1615,0.1717,0.3189,0.111,0.1202,0.1222,0.1394,0.1656,0.178,
 0.1528,0.1257,0.1292,0.118,0.0472,0.0472,0.0994,0.0994,0.0,0.0,0.452,0.0,0.0,
 0.4508,0.0,0.0,-0.1345,-0.1586,-0.0007,-0.1169,0.0944,0.0348,-0.3886,0.0192,
 -0.3139,0.6955,-0.5435,-0.5923,-0.185,-0.4109,0.0525,0.095,-0.0874,0.5256,
 -0.3459,-0.5608,-0.0932,-0.3739,-0.429,0.5295,0.0312,-0.0331,0.1183,-0.3487,
 -0.5583,-0.0838,-0.3622,-0.2536,-0.4541,0.2257,0.0849,-0.1715,0.1475,-0.3907,
 0.0266,-0.253,0.6675,-0.5886,-0.5291,0.1881,0.27,0.1261,0.133,0.1272,0.0615,
 0.0615,0.1136,0.1136,0.1698,0.3347,0.1202,0.128,0.1254,0.1307,0.1615,0.1717,
 0.3189,0.111,0.1202,0.1222,0.1394,0.1656,0.178,0.1528,0.1257,0.1292,0.118,
 0.0472,0.0472,0.0994,0.0994,0.0,0.0,0.452,0.0,0.0,0.0,0.4508,0.0,-0.1345,
 -0.1586,-0.0007,-0.1169,0.0944,0.0348,-0.3886,0.0192,-0.3139,0.6955,-0.5435,
 -0.5923,-0.185,-0.4109,0.0525,0.095,-0.0874,0.5256,-0.3459,-0.5608,-0.0932,
 -0.3739,-0.429,0.5295,0.0312,-0.0331,0.1183,-0.3487,-0.5583,-0.0838,-0.3622,
 -0.2536,-0.4541,0.2257,0.0849,-0.1715,0.1475,-0.3907,0.0266,-0.253,0.6675,
 -0.5886,-0.5291,0.1881,0.27,0.1261,0.133,0.1272,0.0615,0.0615,0.1136,0.1136,
 0.1698,0.3347,0.1202,0.128,0.1254,0.1307,0.1615,0.1717,0.3189,0.111,0.1202,
 0.1222,0.1394,0.1656,0.178,0.1528,0.1257,0.1292,0.118,0.0472,0.0472,0.0994,
 0.0994,0.0,0.0,0.452,0.0,0.0,0.0,0.0,0.4508,-0.1345,-0.1586,-0.0007,-0.1169,
 0.0944,0.0348,-0.3886,0.0192,-0.3139,0.6955,-0.5435,-0.5923,-0.185,-0.4109,
 0.0525,0.095,-0.0874,0.5256,-0.3459,-0.5608,-0.0932,-0.3739,-0.429,0.5295,
 0.0312,-0.0331,0.1183,-0.3487,-0.5583,-0.0838,-0.3622,-0.2536,-0.4541,0.2257,
 0.0849,-0.1715,0.1475,-0.3907,0.0266,-0.253,0.6675,-0.5291,-0.5886,0.1881,0.27,
 0.1261,0.133,0.1272,0.0615,0.0615,0.1136,0.1136,0.1698,0.3347,0.1202,0.128,
 0.1254,0.1307,0.1615,0.1717,0.3189,0.111,0.1202,0.1222,0.1394,0.1656,0.178,
 0.1528,0.1257,0.1292,0.118,0.0472,0.0472,0.0994,0.0994,0.0,0.0,0.0,0.452,
 0.4508,0.0,0.0,0.0,-0.1345,-0.1586,-0.0007,-0.1169,0.0944,0.0348,-0.3886,
 0.0192,-0.3139,0.6955,-0.5435,-0.5923,-0.185,-0.4109,0.0525,0.095,-0.0874,
 0.5256,-0.3459,-0.5608,-0.0932,-0.3739,-0.429,0.5295,0.0312,-0.0331,0.1183,
 -0.3487,-0.5583,-0.0838,-0.3622,-0.2536,-0.4541,0.2257,0.0849,-0.1715,0.1475,
 -0.3907,0.0266,-0.253,0.6675,-0.5291,-0.5886,0.1881,0.27,0.1261,0.133,0.1272,
 0.0615,0.0615,0.1136,0.1136,0.1698,0.3347,0.1202,0.128,0.1254,0.1307,0.1615,
 0.1717,0.3189,0.111,0.1202,0.1222,0.1394,0.1656,0.178,0.1528,0.1257,0.1292,
 0.118,0.0472,0.0472,0.0994,0.0994,0.0,0.0,0.0,0.452,0.0,0.4508,0.0,0.0,-0.1345,
 -0.1586,-0.0007,-0.1169,0.0944,0.0348,-0.3886,0.0192,-0.3139,0.6955,-0.5435,
 -0.5923,-0.185,-0.4109,0.0525,0.095,-0.0874,0.5256,-0.3459,-0.5608,-0.0932,
 -0.3739,-0.429,0.5295,0.0312,-0.0331,0.1183,-0.3487,-0.5583,-0.0838,-0.3622,
 -0.2536,-0.4541,0.2257,0.0849,-0.1715,0.1475,-0.3907,0.0266,-0.253,0.6675,
 -0.5886,-0.5291,0.1881,0.27,0.1261,0.133,0.1272,0.0615,0.0615,0.1136,0.1136,
 0.1698,0.3347,0.1202,0.128,0.1254,0.1307,0.1615,0.1717,0.3189,0.111,0.1202,
 0.1222,0.1394,0.1656,0.178,0.1528,0.1257,0.1292,0.118,0.0472,0.0472,0.0994,
 0.0994,0.0,0.0,0.0,0.452,0.0,0.0,0.4508,0.0,-0.1345,-0.1586,-0.0007,-0.1169,
 0.0944,0.0348,-0.3886,0.0192,-0.3139,0.6955,-0.5435,-0.5923,-0.185,-0.4109,
 0.0525,0.095,-0.0874,0.5256,-0.3459,-0.5608,-0.0932,-0.3739,-0.429,0.5295,
 0.0312,-0.0331,0.1183,-0.3487,-0.5583,-0.0838,-0.3622,-0.2536,-0.4541,0.2257,
 0.0849,-0.1715,0.1475,-0.3907,0.0266,-0.253,0.6675,-0.5886,-0.5291,0.1881,0.27,
 0.1261,0.133,0.1272,0.0615,0.0615,0.1136,0.1136,0.1698,0.3347,0.1202,0.128,
 0.1254,0.1307,0.1615,0.1717,0.3189,0.111,0.1202,0.1222,0.1394,0.1656,0.178,
 0.1528,0.1257,0.1292,0.118,0.0472,0.0472,0.0994,0.0994,0.0,0.0,0.0,0.452,0.0,
 0.0,0.0,0.4508,
 PROTCNT=0,1,1,1,1,1,1,1,1,2,2,2,2,2,2,2,2,2,2,2,2,2,2,2,2,
 RESNAME='System: Unknown','Residue: BLA 1',
 RESSTATE=0,
 STATEINF(0)%FIRST_ATOM=1, STATEINF(0)%FIRST_CHARGE=0, 
 STATEINF(0)%FIRST_STATE=0, STATEINF(0)%NUM_ATOMS=83, 
 STATEINF(0)%NUM_STATES=25, 
 STATENE=0.000000,28.658790,28.658790,28.658790,28.658790,28.658790,28.658790,
 28.658790,28.658790,54.435826,54.435826,54.435826,54.435826,54.435826,
 54.435826,54.435826,54.435826,54.435826,54.435826,54.435826,54.435826,
 54.435826,54.435826,54.435826,54.435826,
 PKA_CORR=0.0000,5.3000,5.3000,5.3000,5.3000,5.3000,5.3000,5.3000,5.3000,9.2000,
 9.2000,9.2000,9.2000,9.2000,9.2000,9.2000,9.2000,9.2000,9.2000,9.2000,9.2000,
 9.2000,9.2000,9.2000,9.2000,
 TRESCNT=1,CPHFIRST_SOL=84, CPH_IGB=2, CPH_INTDIEL=1.0, 
/
