&CNSTPHE_LIMITS
 ntres=28, maxh=25, natchrg=2390, ntstates=42,
/
&CNSTPH
 CHRGDAT=-0.3479,0.2747,-0.24,0.1426,-0.0094,0.0362,0.0362,0.0187,0.0103,0.0103,
 -0.0479,0.0621,0.0621,-0.0143,0.1135,0.1135,-0.3854,0.34,0.34,0.34,0.7341,
 -0.5894,-0.3479,0.2747,-0.24,0.1426,-0.10961,0.034,0.034,0.06612,0.01041,
 0.01041,-0.03768,0.01155,0.01155,0.32604,-0.03358,-0.03358,-1.03581,0.0,
 0.38604,0.38604,0.7341,-0.5894,-0.4157,0.2719,0.0145,0.0779,-0.0398,-0.0173,
 -0.0173,0.0136,-0.0425,-0.0425,0.8054,-0.8188,-0.8188,0.0,0.5973,-0.5679,0.0,
 0.0,0.0,-0.4157,0.2719,0.0145,0.0779,-0.0071,0.0256,0.0256,-0.0174,0.043,0.043,
 0.6801,-0.5838,-0.6511,0.4641,0.5973,-0.5679,0.0,0.0,0.0,-0.4157,0.2719,0.0145,
 0.0779,-0.0071,0.0256,0.0256,-0.0174,0.043,0.043,0.6801,-0.5838,-0.6511,0.0,
 0.5973,-0.5679,0.4641,0.0,0.0,-0.4157,0.2719,0.0145,0.0779,-0.0071,0.0256,
 0.0256,-0.0174,0.043,0.043,0.6801,-0.6511,-0.5838,0.0,0.5973,-0.5679,0.0,
 0.4641,0.0,-0.4157,0.2719,0.0145,0.0779,-0.0071,0.0256,0.0256,-0.0174,0.043,
 0.043,0.6801,-0.6511,-0.5838,0.0,0.5973,-0.5679,0.0,0.0,0.4641,-0.4157,0.2719,
 0.0341,0.0864,-0.1783,-0.0122,-0.0122,0.7994,-0.8014,-0.8014,0.0,0.5973,
 -0.5679,0.0,0.0,0.0,-0.4157,0.2719,0.0341,0.0864,-0.0316,0.0488,0.0488,0.6462,
 -0.5554,-0.6376,0.4747,0.5973,-0.5679,0.0,0.0,0.0,-0.4157,0.2719,0.0341,0.0864,
 -0.0316,0.0488,0.0488,0.6462,-0.5554,-0.6376,0.0,0.5973,-0.5679,0.4747,0.0,0.0,
 -0.4157,0.2719,0.0341,0.0864,-0.0316,0.0488,0.0488,0.6462,-0.6376,-0.5554,0.0,
 0.5973,-0.5679,0.0,0.4747,0.0,-0.4157,0.2719,0.0341,0.0864,-0.0316,0.0488,
 0.0488,0.6462,-0.6376,-0.5554,0.0,0.5973,-0.5679,0.0,0.0,0.4747,-0.3479,0.2747,
 -0.1354,0.1212,-0.0414,0.081,0.081,-0.0012,-0.1513,0.3866,-0.017,0.2681,
 -0.1718,0.3911,-0.1141,0.2317,0.7341,-0.5894,-0.3479,0.2747,-0.1354,0.1212,
 -0.111,0.0402,0.0402,-0.0266,-0.3811,0.3649,0.2057,0.1392,-0.5727,0.0,0.1292,
 0.1147,0.7341,-0.5894,-0.3479,0.2747,-0.1354,0.1212,-0.1012,0.0367,0.0367,
 0.1868,-0.5432,0.0,0.1635,0.1435,-0.2795,0.3339,-0.2207,0.1862,0.7341,-0.5894,
 -0.4157,0.2719,-0.0014,0.0876,-0.0152,0.0295,0.0295,-0.0011,-0.1906,0.1699,
 -0.2341,0.1656,0.3226,-0.5579,0.3992,-0.2341,0.1656,-0.1906,0.1699,0.5973,
 -0.5679,-0.4157,0.2719,-0.0014,0.0876,-0.0858,0.019,0.019,-0.213,-0.103,0.132,
 -0.498,0.132,0.777,-0.814,0.0,-0.498,0.132,-0.103,0.132,0.5973,-0.5679,-0.1342,
 -0.1815,-0.0006,-0.1096,0.0986,0.0242,-0.37,0.0076,-0.1539,0.6748,-0.769,
 -0.769,-0.1925,-0.4505,0.0894,0.0568,-0.0865,0.5634,-0.332,-0.5668,-0.1075,
 -0.3792,-0.4334,0.5255,0.0283,-0.0365,0.1296,-0.3423,-0.565,-0.0901,-0.3558,
 -0.2625,-0.4511,0.2173,0.0791,-0.1609,0.1383,-0.3774,-0.0254,-0.1482,0.6612,
 -0.7622,-0.7622,0.1909,0.2892,0.1243,0.1189,0.1189,0.03585,0.03585,0.0271,
 0.0271,0.1699,0.3363,0.1216,0.1218,0.1202,0.1453,0.1573,0.171,0.3052,0.1175,
 0.1181,0.1075,0.1411,0.1623,0.1744,0.1585,0.1112,0.12,0.1179,0.04415,0.04415,
 0.0241,0.0241,0.0,0.0,0.0,0.0,0.0,0.0,0.0,0.0,-0.16475,-0.16675,0.022,-0.1301,
 0.0938,0.03455,-0.37015,0.00885,-0.2561,0.69105,-0.61035,-0.55875,-0.1871,
 -0.3963,0.04735,0.10055,-0.09035,0.5129,-0.34415,-0.55975,-0.0894,-0.37715,
 -0.42995,0.5161,0.0392,-0.03465,0.11545,-0.34555,-0.55615,-0.0849,-0.358,
 -0.25725,-0.4545,0.22135,0.08385,-0.17905,0.15925,-0.3805,0.003,-0.15455,
 0.6628,-0.7468,-0.7468,0.20445,0.262,0.1214,0.124,0.1215,0.05653,0.05653,
 0.09288,0.09288,0.1689,0.33405,0.12125,0.12445,0.12395,0.1294,0.1622,0.17085,
 0.3231,0.11265,0.1176,0.11785,0.1378,0.16355,0.17455,0.1563,0.12025,0.12015,
 0.11595,0.03908,0.03908,0.03188,0.03188,0.4498,0.0,0.0,0.0,0.0,0.0,0.0,0.0,
 -0.16475,-0.16675,0.022,-0.1301,0.0938,0.03455,-0.37015,0.00885,-0.2561,
 0.69105,-0.61035,-0.55875,-0.1871,-0.3963,0.04735,0.10055,-0.09035,0.5129,
 -0.34415,-0.55975,-0.0894,-0.37715,-0.42995,0.5161,0.0392,-0.03465,0.11545,
 -0.34555,-0.55615,-0.0849,-0.358,-0.25725,-0.4545,0.22135,0.08385,-0.17905,
 0.15925,-0.3805,0.003,-0.15455,0.6628,-0.7468,-0.7468,0.20445,0.262,0.1214,
 0.124,0.1215,0.05653,0.05653,0.09288,0.09288,0.1689,0.33405,0.12125,0.12445,
 0.12395,0.1294,0.1622,0.17085,0.3231,0.11265,0.1176,0.11785,0.1378,0.16355,
 0.17455,0.1563,0.12025,0.12015,0.11595,0.03908,0.03908,0.03188,0.03188,0.0,
 0.4498,0.0,0.0,0.0,0.0,0.0,0.0,-0.16475,-0.16675,0.022,-0.1301,0.0938,0.03455,
 -0.37015,0.00885,-0.2561,0.69105,-0.55875,-0.61035,-0.1871,-0.3963,0.04735,
 0.10055,-0.09035,0.5129,-0.34415,-0.55975,-0.0894,-0.37715,-0.42995,0.5161,
 0.0392,-0.03465,0.11545,-0.34555,-0.55615,-0.0849,-0.358,-0.25725,-0.4545,
 0.22135,0.08385,-0.17905,0.15925,-0.3805,0.003,-0.15455,0.6628,-0.7468,-0.7468,
 0.20445,0.262,0.1214,0.124,0.1215,0.05653,0.05653,0.09288,0.09288,0.1689,
 0.33405,0.12125,0.12445,0.12395,0.1294,0.1622,0.17085,0.3231,0.11265,0.1176,
 0.11785,0.1378,0.16355,0.17455,0.1563,0.12025,0.12015,0.11595,0.03908,0.03908,
 0.03188,0.03188,0.0,0.0,0.4498,0.0,0.0,0.0,0.0,0.0,-0.16475,-0.16675,0.022,
 -0.1301,0.0938,0.03455,-0.37015,0.00885,-0.2561,0.69105,-0.55875,-0.61035,
 -0.1871,-0.3963,0.04735,0.10055,-0.09035,0.5129,-0.34415,-0.55975,-0.0894,
 -0.37715,-0.42995,0.5161,0.0392,-0.03465,0.11545,-0.34555,-0.55615,-0.0849,
 -0.358,-0.25725,-0.4545,0.22135,0.08385,-0.17905,0.15925,-0.3805,0.003,
 -0.15455,0.6628,-0.7468,-0.7468,0.20445,0.262,0.1214,0.124,0.1215,0.05653,
 0.05653,0.09288,0.09288,0.1689,0.33405,0.12125,0.12445,0.12395,0.1294,0.1622,
 0.17085,0.3231,0.11265,0.1176,0.11785,0.1378,0.16355,0.17455,0.1563,0.12025,
 0.12015,0.11595,0.03908,0.03908,0.03188,0.03188,0.0,0.0,0.0,0.4498,0.0,0.0,0.0,
 0.0,-0.16475,-0.16675,0.022,-0.1301,0.0938,0.03455,-0.37015,0.003,-0.15455,
 0.6628,-0.7468,-0.7468,-0.1871,-0.3963,0.04735,0.10055,-0.09035,0.5129,
 -0.34415,-0.55975,-0.0894,-0.37715,-0.42995,0.5161,0.0392,-0.03465,0.11545,
 -0.34555,-0.55615,-0.0849,-0.358,-0.25725,-0.4545,0.22135,0.08385,-0.17905,
 0.15925,-0.3805,0.00885,-0.2561,0.69105,-0.55875,-0.61035,0.20445,0.262,0.1214,
 0.124,0.1215,0.03908,0.03908,0.03188,0.03188,0.1689,0.33405,0.12125,0.12445,
 0.12395,0.1294,0.1622,0.17085,0.3231,0.11265,0.1176,0.11785,0.1378,0.16355,
 0.17455,0.1563,0.12025,0.12015,0.11595,0.05653,0.05653,0.09288,0.09288,0.0,0.0,
 0.0,0.0,0.448,0.0,0.0,0.0,-0.16475,-0.16675,0.022,-0.1301,0.0938,0.03455,
 -0.37015,0.003,-0.15455,0.6628,-0.7468,-0.7468,-0.1871,-0.3963,0.04735,0.10055,
 -0.09035,0.5129,-0.34415,-0.55975,-0.0894,-0.37715,-0.42995,0.5161,0.0392,
 -0.03465,0.11545,-0.34555,-0.55615,-0.0849,-0.358,-0.25725,-0.4545,0.22135,
 0.08385,-0.17905,0.15925,-0.3805,0.00885,-0.2561,0.69105,-0.55875,-0.61035,
 0.20445,0.262,0.1214,0.124,0.1215,0.03908,0.03908,0.03188,0.03188,0.1689,
 0.33405,0.12125,0.12445,0.12395,0.1294,0.1622,0.17085,0.3231,0.11265,0.1176,
 0.11785,0.1378,0.16355,0.17455,0.1563,0.12025,0.12015,0.11595,0.05653,0.05653,
 0.09288,0.09288,0.0,0.0,0.0,0.0,0.0,0.448,0.0,0.0,-0.16475,-0.16675,0.022,
 -0.1301,0.0938,0.03455,-0.37015,0.003,-0.15455,0.6628,-0.7468,-0.7468,-0.1871,
 -0.3963,0.04735,0.10055,-0.09035,0.5129,-0.34415,-0.55975,-0.0894,-0.37715,
 -0.42995,0.5161,0.0392,-0.03465,0.11545,-0.34555,-0.55615,-0.0849,-0.358,
 -0.25725,-0.4545,0.22135,0.08385,-0.17905,0.15925,-0.3805,0.00885,-0.2561,
 0.69105,-0.61035,-0.55875,0.20445,0.262,0.1214,0.124,0.1215,0.03908,0.03908,
 0.03188,0.03188,0.1689,0.33405,0.12125,0.12445,0.12395,0.1294,0.1622,0.17085,
 0.3231,0.11265,0.1176,0.11785,0.1378,0.16355,0.17455,0.1563,0.12025,0.12015,
 0.11595,0.05653,0.05653,0.09288,0.09288,0.0,0.0,0.0,0.0,0.0,0.0,0.448,0.0,
 -0.16475,-0.16675,0.022,-0.1301,0.0938,0.03455,-0.37015,0.003,-0.15455,0.6628,
 -0.7468,-0.7468,-0.1871,-0.3963,0.04735,0.10055,-0.09035,0.5129,-0.34415,
 -0.55975,-0.0894,-0.37715,-0.42995,0.5161,0.0392,-0.03465,0.11545,-0.34555,
 -0.55615,-0.0849,-0.358,-0.25725,-0.4545,0.22135,0.08385,-0.17905,0.15925,
 -0.3805,0.00885,-0.2561,0.69105,-0.61035,-0.55875,0.20445,0.262,0.1214,0.124,
 0.1215,0.03908,0.03908,0.03188,0.03188,0.1689,0.33405,0.12125,0.12445,0.12395,
 0.1294,0.1622,0.17085,0.3231,0.11265,0.1176,0.11785,0.1378,0.16355,0.17455,
 0.1563,0.12025,0.12015,0.11595,0.05653,0.05653,0.09288,0.09288,0.0,0.0,0.0,0.0,
 0.0,0.0,0.0,0.448,-0.1345,-0.1586,-0.0007,-0.1169,0.0944,0.0348,-0.3886,0.0192,
 -0.3139,0.6955,-0.5923,-0.5435,-0.185,-0.4109,0.0525,0.095,-0.0874,0.5256,
 -0.3459,-0.5608,-0.0932,-0.3739,-0.429,0.5295,0.0312,-0.0331,0.1183,-0.3487,
 -0.5583,-0.0838,-0.3622,-0.2536,-0.4541,0.2257,0.0849,-0.1715,0.1475,-0.3907,
 0.0266,-0.253,0.6675,-0.5291,-0.5886,0.1881,0.27,0.1261,0.133,0.1272,0.0615,
 0.0615,0.1136,0.1136,0.1698,0.3347,0.1202,0.128,0.1254,0.1307,0.1615,0.1717,
 0.3189,0.111,0.1202,0.1222,0.1394,0.1656,0.178,0.1528,0.1257,0.1292,0.118,
 0.0472,0.0472,0.0994,0.0994,0.452,0.0,0.0,0.0,0.4508,0.0,0.0,0.0,-0.1345,
 -0.1586,-0.0007,-0.1169,0.0944,0.0348,-0.3886,0.0192,-0.3139,0.6955,-0.5923,
 -0.5435,-0.185,-0.4109,0.0525,0.095,-0.0874,0.5256,-0.3459,-0.5608,-0.0932,
 -0.3739,-0.429,0.5295,0.0312,-0.0331,0.1183,-0.3487,-0.5583,-0.0838,-0.3622,
 -0.2536,-0.4541,0.2257,0.0849,-0.1715,0.1475,-0.3907,0.0266,-0.253,0.6675,
 -0.5291,-0.5886,0.1881,0.27,0.1261,0.133,0.1272,0.0615,0.0615,0.1136,0.1136,
 0.1698,0.3347,0.1202,0.128,0.1254,0.1307,0.1615,0.1717,0.3189,0.111,0.1202,
 0.1222,0.1394,0.1656,0.178,0.1528,0.1257,0.1292,0.118,0.0472,0.0472,0.0994,
 0.0994,0.452,0.0,0.0,0.0,0.0,0.4508,0.0,0.0,-0.1345,-0.1586,-0.0007,-0.1169,
 0.0944,0.0348,-0.3886,0.0192,-0.3139,0.6955,-0.5923,-0.5435,-0.185,-0.4109,
 0.0525,0.095,-0.0874,0.5256,-0.3459,-0.5608,-0.0932,-0.3739,-0.429,0.5295,
 0.0312,-0.0331,0.1183,-0.3487,-0.5583,-0.0838,-0.3622,-0.2536,-0.4541,0.2257,
 0.0849,-0.1715,0.1475,-0.3907,0.0266,-0.253,0.6675,-0.5886,-0.5291,0.1881,0.27,
 0.1261,0.133,0.1272,0.0615,0.0615,0.1136,0.1136,0.1698,0.3347,0.1202,0.128,
 0.1254,0.1307,0.1615,0.1717,0.3189,0.111,0.1202,0.1222,0.1394,0.1656,0.178,
 0.1528,0.1257,0.1292,0.118,0.0472,0.0472,0.0994,0.0994,0.452,0.0,0.0,0.0,0.0,
 0.0,0.4508,0.0,-0.1345,-0.1586,-0.0007,-0.1169,0.0944,0.0348,-0.3886,0.0192,
 -0.3139,0.6955,-0.5923,-0.5435,-0.185,-0.4109,0.0525,0.095,-0.0874,0.5256,
 -0.3459,-0.5608,-0.0932,-0.3739,-0.429,0.5295,0.0312,-0.0331,0.1183,-0.3487,
 -0.5583,-0.0838,-0.3622,-0.2536,-0.4541,0.2257,0.0849,-0.1715,0.1475,-0.3907,
 0.0266,-0.253,0.6675,-0.5886,-0.5291,0.1881,0.27,0.1261,0.133,0.1272,0.0615,
 0.0615,0.1136,0.1136,0.1698,0.3347,0.1202,0.128,0.1254,0.1307,0.1615,0.1717,
 0.3189,0.111,0.1202,0.1222,0.1394,0.1656,0.178,0.1528,0.1257,0.1292,0.118,
 0.0472,0.0472,0.0994,0.0994,0.452,0.0,0.0,0.0,0.0,0.0,0.0,0.4508,-0.1345,
 -0.1586,-0.0007,-0.1169,0.0944,0.0348,-0.3886,0.0192,-0.3139,0.6955,-0.5923,
 -0.5435,-0.185,-0.4109,0.0525,0.095,-0.0874,0.5256,-0.3459,-0.5608,-0.0932,
 -0.3739,-0.429,0.5295,0.0312,-0.0331,0.1183,-0.3487,-0.5583,-0.0838,-0.3622,
 -0.2536,-0.4541,0.2257,0.0849,-0.1715,0.1475,-0.3907,0.0266,-0.253,0.6675,
 -0.5291,-0.5886,0.1881,0.27,0.1261,0.133,0.1272,0.0615,0.0615,0.1136,0.1136,
 0.1698,0.3347,0.1202,0.128,0.1254,0.1307,0.1615,0.1717,0.3189,0.111,0.1202,
 0.1222,0.1394,0.1656,0.178,0.1528,0.1257,0.1292,0.118,0.0472,0.0472,0.0994,
 0.0994,0.0,0.452,0.0,0.0,0.4508,0.0,0.0,0.0,-0.1345,-0.1586,-0.0007,-0.1169,
 0.0944,0.0348,-0.3886,0.0192,-0.3139,0.6955,-0.5923,-0.5435,-0.185,-0.4109,
 0.0525,0.095,-0.0874,0.5256,-0.3459,-0.5608,-0.0932,-0.3739,-0.429,0.5295,
 0.0312,-0.0331,0.1183,-0.3487,-0.5583,-0.0838,-0.3622,-0.2536,-0.4541,0.2257,
 0.0849,-0.1715,0.1475,-0.3907,0.0266,-0.253,0.6675,-0.5291,-0.5886,0.1881,0.27,
 0.1261,0.133,0.1272,0.0615,0.0615,0.1136,0.1136,0.1698,0.3347,0.1202,0.128,
 0.1254,0.1307,0.1615,0.1717,0.3189,0.111,0.1202,0.1222,0.1394,0.1656,0.178,
 0.1528,0.1257,0.1292,0.118,0.0472,0.0472,0.0994,0.0994,0.0,0.452,0.0,0.0,0.0,
 0.4508,0.0,0.0,-0.1345,-0.1586,-0.0007,-0.1169,0.0944,0.0348,-0.3886,0.0192,
 -0.3139,0.6955,-0.5923,-0.5435,-0.185,-0.4109,0.0525,0.095,-0.0874,0.5256,
 -0.3459,-0.5608,-0.0932,-0.3739,-0.429,0.5295,0.0312,-0.0331,0.1183,-0.3487,
 -0.5583,-0.0838,-0.3622,-0.2536,-0.4541,0.2257,0.0849,-0.1715,0.1475,-0.3907,
 0.0266,-0.253,0.6675,-0.5886,-0.5291,0.1881,0.27,0.1261,0.133,0.1272,0.0615,
 0.0615,0.1136,0.1136,0.1698,0.3347,0.1202,0.128,0.1254,0.1307,0.1615,0.1717,
 0.3189,0.111,0.1202,0.1222,0.1394,0.1656,0.178,0.1528,0.1257,0.1292,0.118,
 0.0472,0.0472,0.0994,0.0994,0.0,0.452,0.0,0.0,0.0,0.0,0.4508,0.0,-0.1345,
 -0.1586,-0.0007,-0.1169,0.0944,0.0348,-0.3886,0.0192,-0.3139,0.6955,-0.5923,
 -0.5435,-0.185,-0.4109,0.0525,0.095,-0.0874,0.5256,-0.3459,-0.5608,-0.0932,
 -0.3739,-0.429,0.5295,0.0312,-0.0331,0.1183,-0.3487,-0.5583,-0.0838,-0.3622,
 -0.2536,-0.4541,0.2257,0.0849,-0.1715,0.1475,-0.3907,0.0266,-0.253,0.6675,
 -0.5886,-0.5291,0.1881,0.27,0.1261,0.133,0.1272,0.0615,0.0615,0.1136,0.1136,
 0.1698,0.3347,0.1202,0.128,0.1254,0.1307,0.1615,0.1717,0.3189,0.111,0.1202,
 0.1222,0.1394,0.1656,0.178,0.1528,0.1257,0.1292,0.118,0.0472,0.0472,0.0994,
 0.0994,0.0,0.452,0.0,0.0,0.0,0.0,0.0,0.4508,-0.1345,-0.1586,-0.0007,-0.1169,
 0.0944,0.0348,-0.3886,0.0192,-0.3139,0.6955,-0.5435,-0.5923,-0.185,-0.4109,
 0.0525,0.095,-0.0874,0.5256,-0.3459,-0.5608,-0.0932,-0.3739,-0.429,0.5295,
 0.0312,-0.0331,0.1183,-0.3487,-0.5583,-0.0838,-0.3622,-0.2536,-0.4541,0.2257,
 0.0849,-0.1715,0.1475,-0.3907,0.0266,-0.253,0.6675,-0.5291,-0.5886,0.1881,0.27,
 0.1261,0.133,0.1272,0.0615,0.0615,0.1136,0.1136,0.1698,0.3347,0.1202,0.128,
 0.1254,0.1307,0.1615,0.1717,0.3189,0.111,0.1202,0.1222,0.1394,0.1656,0.178,
 0.1528,0.1257,0.1292,0.118,0.0472,0.0472,0.0994,0.0994,0.0,0.0,0.452,0.0,
 0.4508,0.0,0.0,0.0,-0.1345,-0.1586,-0.0007,-0.1169,0.0944,0.0348,-0.3886,
 0.0192,-0.3139,0.6955,-0.5435,-0.5923,-0.185,-0.4109,0.0525,0.095,-0.0874,
 0.5256,-0.3459,-0.5608,-0.0932,-0.3739,-0.429,0.5295,0.0312,-0.0331,0.1183,
 -0.3487,-0.5583,-0.0838,-0.3622,-0.2536,-0.4541,0.2257,0.0849,-0.1715,0.1475,
 -0.3907,0.0266,-0.253,0.6675,-0.5291,-0.5886,0.1881,0.27,0.1261,0.133,0.1272,
 0.0615,0.0615,0.1136,0.1136,0.1698,0.3347,0.1202,0.128,0.1254,0.1307,0.1615,
 0.1717,0.3189,0.111,0.1202,0.1222,0.1394,0.1656,0.178,0.1528,0.1257,0.1292,
 0.118,0.0472,0.0472,0.0994,0.0994,0.0,0.0,0.452,0.0,0.0,0.4508,0.0,0.0,-0.1345,
 -0.1586,-0.0007,-0.1169,0.0944,0.0348,-0.3886,0.0192,-0.3139,0.6955,-0.5435,
 -0.5923,-0.185,-0.4109,0.0525,0.095,-0.0874,0.5256,-0.3459,-0.5608,-0.0932,
 -0.3739,-0.429,0.5295,0.0312,-0.0331,0.1183,-0.3487,-0.5583,-0.0838,-0.3622,
 -0.2536,-0.4541,0.2257,0.0849,-0.1715,0.1475,-0.3907,0.0266,-0.253,0.6675,
 -0.5886,-0.5291,0.1881,0.27,0.1261,0.133,0.1272,0.0615,0.0615,0.1136,0.1136,
 0.1698,0.3347,0.1202,0.128,0.1254,0.1307,0.1615,0.1717,0.3189,0.111,0.1202,
 0.1222,0.1394,0.1656,0.178,0.1528,0.1257,0.1292,0.118,0.0472,0.0472,0.0994,
 0.0994,0.0,0.0,0.452,0.0,0.0,0.0,0.4508,0.0,-0.1345,-0.1586,-0.0007,-0.1169,
 0.0944,0.0348,-0.3886,0.0192,-0.3139,0.6955,-0.5435,-0.5923,-0.185,-0.4109,
 0.0525,0.095,-0.0874,0.5256,-0.3459,-0.5608,-0.0932,-0.3739,-0.429,0.5295,
 0.0312,-0.0331,0.1183,-0.3487,-0.5583,-0.0838,-0.3622,-0.2536,-0.4541,0.2257,
 0.0849,-0.1715,0.1475,-0.3907,0.0266,-0.253,0.6675,-0.5886,-0.5291,0.1881,0.27,
 0.1261,0.133,0.1272,0.0615,0.0615,0.1136,0.1136,0.1698,0.3347,0.1202,0.128,
 0.1254,0.1307,0.1615,0.1717,0.3189,0.111,0.1202,0.1222,0.1394,0.1656,0.178,
 0.1528,0.1257,0.1292,0.118,0.0472,0.0472,0.0994,0.0994,0.0,0.0,0.452,0.0,0.0,
 0.0,0.0,0.4508,-0.1345,-0.1586,-0.0007,-0.1169,0.0944,0.0348,-0.3886,0.0192,
 -0.3139,0.6955,-0.5435,-0.5923,-0.185,-0.4109,0.0525,0.095,-0.0874,0.5256,
 -0.3459,-0.5608,-0.0932,-0.3739,-0.429,0.5295,0.0312,-0.0331,0.1183,-0.3487,
 -0.5583,-0.0838,-0.3622,-0.2536,-0.4541,0.2257,0.0849,-0.1715,0.1475,-0.3907,
 0.0266,-0.253,0.6675,-0.5291,-0.5886,0.1881,0.27,0.1261,0.133,0.1272,0.0615,
 0.0615,0.1136,0.1136,0.1698,0.3347,0.1202,0.128,0.1254,0.1307,0.1615,0.1717,
 0.3189,0.111,0.1202,0.1222,0.1394,0.1656,0.178,0.1528,0.1257,0.1292,0.118,
 0.0472,0.0472,0.0994,0.0994,0.0,0.0,0.0,0.452,0.4508,0.0,0.0,0.0,-0.1345,
 -0.1586,-0.0007,-0.1169,0.0944,0.0348,-0.3886,0.0192,-0.3139,0.6955,-0.5435,
 -0.5923,-0.185,-0.4109,0.0525,0.095,-0.0874,0.5256,-0.3459,-0.5608,-0.0932,
 -0.3739,-0.429,0.5295,0.0312,-0.0331,0.1183,-0.3487,-0.5583,-0.0838,-0.3622,
 -0.2536,-0.4541,0.2257,0.0849,-0.1715,0.1475,-0.3907,0.0266,-0.253,0.6675,
 -0.5291,-0.5886,0.1881,0.27,0.1261,0.133,0.1272,0.0615,0.0615,0.1136,0.1136,
 0.1698,0.3347,0.1202,0.128,0.1254,0.1307,0.1615,0.1717,0.3189,0.111,0.1202,
 0.1222,0.1394,0.1656,0.178,0.1528,0.1257,0.1292,0.118,0.0472,0.0472,0.0994,
 0.0994,0.0,0.0,0.0,0.452,0.0,0.4508,0.0,0.0,-0.1345,-0.1586,-0.0007,-0.1169,
 0.0944,0.0348,-0.3886,0.0192,-0.3139,0.6955,-0.5435,-0.5923,-0.185,-0.4109,
 0.0525,0.095,-0.0874,0.5256,-0.3459,-0.5608,-0.0932,-0.3739,-0.429,0.5295,
 0.0312,-0.0331,0.1183,-0.3487,-0.5583,-0.0838,-0.3622,-0.2536,-0.4541,0.2257,
 0.0849,-0.1715,0.1475,-0.3907,0.0266,-0.253,0.6675,-0.5886,-0.5291,0.1881,0.27,
 0.1261,0.133,0.1272,0.0615,0.0615,0.1136,0.1136,0.1698,0.3347,0.1202,0.128,
 0.1254,0.1307,0.1615,0.1717,0.3189,0.111,0.1202,0.1222,0.1394,0.1656,0.178,
 0.1528,0.1257,0.1292,0.118,0.0472,0.0472,0.0994,0.0994,0.0,0.0,0.0,0.452,0.0,
 0.0,0.4508,0.0,-0.1345,-0.1586,-0.0007,-0.1169,0.0944,0.0348,-0.3886,0.0192,
 -0.3139,0.6955,-0.5435,-0.5923,-0.185,-0.4109,0.0525,0.095,-0.0874,0.5256,
 -0.3459,-0.5608,-0.0932,-0.3739,-0.429,0.5295,0.0312,-0.0331,0.1183,-0.3487,
 -0.5583,-0.0838,-0.3622,-0.2536,-0.4541,0.2257,0.0849,-0.1715,0.1475,-0.3907,
 0.0266,-0.253,0.6675,-0.5886,-0.5291,0.1881,0.27,0.1261,0.133,0.1272,0.0615,
 0.0615,0.1136,0.1136,0.1698,0.3347,0.1202,0.128,0.1254,0.1307,0.1615,0.1717,
 0.3189,0.111,0.1202,0.1222,0.1394,0.1656,0.178,0.1528,0.1257,0.1292,0.118,
 0.0472,0.0472,0.0994,0.0994,0.0,0.0,0.0,0.452,0.0,0.0,0.0,0.4508,
 PROTCNT=3,2,0,1,1,1,1,0,1,1,1,1,2,1,1,1,0,0,1,1,1,1,1,1,1,1,2,2,2,2,2,2,2,2,2,
 2,2,2,2,2,2,2,
 RESNAME='System: Unknown','Residue: LYS 4','Residue: LYS 10','Residue: GL4 15',
 'Residue: AS4 16','Residue: AS4 18','Residue: AS4 28','Residue: LYS 35',
 'Residue: LYS 38','Residue: GL4 40','Residue: GL4 60','Residue: LYS 68',
 'Residue: GL4 77','Residue: AS4 78','Residue: GL4 81','Residue: LYS 84',
 'Residue: HIP 89','Residue: GL4 90','Residue: AS4 103','Residue: AS4 105',
 'Residue: HIP 120','Residue: GL4 135','Residue: GL4 136','Residue: LYS 139',
 'Residue: LYS 140','Residue: AS4 153','Residue: AS4 161','Residue: TYR 164',
 'Residue: BLA 170',
 RESSTATE=0,0,0,0,0,0,0,0,0,0,0,0,0,0,0,0,0,0,0,0,0,0,0,0,0,0,0,0,
 STATEINF(0)%FIRST_ATOM=59, STATEINF(0)%FIRST_CHARGE=0, 
 STATEINF(0)%FIRST_STATE=0, STATEINF(0)%NUM_ATOMS=22, STATEINF(0)%NUM_STATES=2, 
 STATEINF(1)%FIRST_ATOM=150, STATEINF(1)%FIRST_CHARGE=0, 
 STATEINF(1)%FIRST_STATE=0, STATEINF(1)%NUM_ATOMS=22, STATEINF(1)%NUM_STATES=2, 
 STATEINF(2)%FIRST_ATOM=229, STATEINF(2)%FIRST_CHARGE=44, 
 STATEINF(2)%FIRST_STATE=2, STATEINF(2)%NUM_ATOMS=19, STATEINF(2)%NUM_STATES=5, 
 STATEINF(3)%FIRST_ATOM=248, STATEINF(3)%FIRST_CHARGE=139, 
 STATEINF(3)%FIRST_STATE=7, STATEINF(3)%NUM_ATOMS=16, STATEINF(3)%NUM_STATES=5, 
 STATEINF(4)%FIRST_ATOM=284, STATEINF(4)%FIRST_CHARGE=139, 
 STATEINF(4)%FIRST_STATE=7, STATEINF(4)%NUM_ATOMS=16, STATEINF(4)%NUM_STATES=5, 
 STATEINF(5)%FIRST_ATOM=452, STATEINF(5)%FIRST_CHARGE=139, 
 STATEINF(5)%FIRST_STATE=7, STATEINF(5)%NUM_ATOMS=16, STATEINF(5)%NUM_STATES=5, 
 STATEINF(6)%FIRST_ATOM=575, STATEINF(6)%FIRST_CHARGE=0, 
 STATEINF(6)%FIRST_STATE=0, STATEINF(6)%NUM_ATOMS=22, STATEINF(6)%NUM_STATES=2, 
 STATEINF(7)%FIRST_ATOM=634, STATEINF(7)%FIRST_CHARGE=0, 
 STATEINF(7)%FIRST_STATE=0, STATEINF(7)%NUM_ATOMS=22, STATEINF(7)%NUM_STATES=2, 
 STATEINF(8)%FIRST_ATOM=663, STATEINF(8)%FIRST_CHARGE=44, 
 STATEINF(8)%FIRST_STATE=2, STATEINF(8)%NUM_ATOMS=19, STATEINF(8)%NUM_STATES=5, 
 STATEINF(9)%FIRST_ATOM=951, STATEINF(9)%FIRST_CHARGE=44, 
 STATEINF(9)%FIRST_STATE=2, STATEINF(9)%NUM_ATOMS=19, STATEINF(9)%NUM_STATES=5, 
 STATEINF(10)%FIRST_ATOM=1077, STATEINF(10)%FIRST_CHARGE=0, 
 STATEINF(10)%FIRST_STATE=0, STATEINF(10)%NUM_ATOMS=22, 
 STATEINF(10)%NUM_STATES=2, STATEINF(11)%FIRST_ATOM=1202, 
 STATEINF(11)%FIRST_CHARGE=44, STATEINF(11)%FIRST_STATE=2, 
 STATEINF(11)%NUM_ATOMS=19, STATEINF(11)%NUM_STATES=5, 
 STATEINF(12)%FIRST_ATOM=1221, STATEINF(12)%FIRST_CHARGE=139, 
 STATEINF(12)%FIRST_STATE=7, STATEINF(12)%NUM_ATOMS=16, 
 STATEINF(12)%NUM_STATES=5, STATEINF(13)%FIRST_ATOM=1262, 
 STATEINF(13)%FIRST_CHARGE=44, STATEINF(13)%FIRST_STATE=2, 
 STATEINF(13)%NUM_ATOMS=19, STATEINF(13)%NUM_STATES=5, 
 STATEINF(14)%FIRST_ATOM=1305, STATEINF(14)%FIRST_CHARGE=0, 
 STATEINF(14)%FIRST_STATE=0, STATEINF(14)%NUM_ATOMS=22, 
 STATEINF(14)%NUM_STATES=2, STATEINF(15)%FIRST_ATOM=1403, 
 STATEINF(15)%FIRST_CHARGE=219, STATEINF(15)%FIRST_STATE=12, 
 STATEINF(15)%NUM_ATOMS=18, STATEINF(15)%NUM_STATES=3, 
 STATEINF(16)%FIRST_ATOM=1421, STATEINF(16)%FIRST_CHARGE=44, 
 STATEINF(16)%FIRST_STATE=2, STATEINF(16)%NUM_ATOMS=19, 
 STATEINF(16)%NUM_STATES=5, STATEINF(17)%FIRST_ATOM=1623, 
 STATEINF(17)%FIRST_CHARGE=139, STATEINF(17)%FIRST_STATE=7, 
 STATEINF(17)%NUM_ATOMS=16, STATEINF(17)%NUM_STATES=5, 
 STATEINF(18)%FIRST_ATOM=1660, STATEINF(18)%FIRST_CHARGE=139, 
 STATEINF(18)%FIRST_STATE=7, STATEINF(18)%NUM_ATOMS=16, 
 STATEINF(18)%NUM_STATES=5, STATEINF(19)%FIRST_ATOM=1878, 
 STATEINF(19)%FIRST_CHARGE=219, STATEINF(19)%FIRST_STATE=12, 
 STATEINF(19)%NUM_ATOMS=18, STATEINF(19)%NUM_STATES=3, 
 STATEINF(20)%FIRST_ATOM=2106, STATEINF(20)%FIRST_CHARGE=44, 
 STATEINF(20)%FIRST_STATE=2, STATEINF(20)%NUM_ATOMS=19, 
 STATEINF(20)%NUM_STATES=5, STATEINF(21)%FIRST_ATOM=2125, 
 STATEINF(21)%FIRST_CHARGE=44, STATEINF(21)%FIRST_STATE=2, 
 STATEINF(21)%NUM_ATOMS=19, STATEINF(21)%NUM_STATES=5, 
 STATEINF(22)%FIRST_ATOM=2177, STATEINF(22)%FIRST_CHARGE=0, 
 STATEINF(22)%FIRST_STATE=0, STATEINF(22)%NUM_ATOMS=22, 
 STATEINF(22)%NUM_STATES=2, STATEINF(23)%FIRST_ATOM=2199, 
 STATEINF(23)%FIRST_CHARGE=0, STATEINF(23)%FIRST_STATE=0, 
 STATEINF(23)%NUM_ATOMS=22, STATEINF(23)%NUM_STATES=2, 
 STATEINF(24)%FIRST_ATOM=2383, STATEINF(24)%FIRST_CHARGE=139, 
 STATEINF(24)%FIRST_STATE=7, STATEINF(24)%NUM_ATOMS=16, 
 STATEINF(24)%NUM_STATES=5, STATEINF(25)%FIRST_ATOM=2510, 
 STATEINF(25)%FIRST_CHARGE=139, STATEINF(25)%FIRST_STATE=7, 
 STATEINF(25)%NUM_ATOMS=16, STATEINF(25)%NUM_STATES=5, 
 STATEINF(26)%FIRST_ATOM=2546, STATEINF(26)%FIRST_CHARGE=273, 
 STATEINF(26)%FIRST_STATE=15, STATEINF(26)%NUM_ATOMS=21, 
 STATEINF(26)%NUM_STATES=2, STATEINF(27)%FIRST_ATOM=2630, 
 STATEINF(27)%FIRST_CHARGE=315, STATEINF(27)%FIRST_STATE=17, 
 STATEINF(27)%NUM_ATOMS=83, STATEINF(27)%NUM_STATES=25, 
 STATENE=-15.141798,0.000000,0.000000,15.200193,15.200193,15.200193,15.200193,
 0.000000,33.261303,33.261303,33.261303,33.261303,0.000000,-2.776410,-6.483630,
 0.000000,-65.003415,0.000000,28.658790,28.658790,28.658790,28.658790,28.658790,
 28.658790,28.658790,28.658790,54.435826,54.435826,54.435826,54.435826,
 54.435826,54.435826,54.435826,54.435826,54.435826,54.435826,54.435826,
 54.435826,54.435826,54.435826,54.435826,54.435826,
 PKA_CORR=10.4000,0.0000,0.0000,4.4000,4.4000,4.4000,4.4000,0.0000,4.0000,
 4.0000,4.0000,4.0000,7.1000,0.6000,0.0000,9.6000,0.0000,0.0000,5.3000,5.3000,
 5.3000,5.3000,5.3000,5.3000,5.3000,5.3000,9.2000,9.2000,9.2000,9.2000,9.2000,
 9.2000,9.2000,9.2000,9.2000,9.2000,9.2000,9.2000,9.2000,9.2000,9.2000,9.2000,
 TRESCNT=28,CPHFIRST_SOL=2713, CPH_IGB=2, CPH_INTDIEL=1.0, 
/
